x,y
1.000000,0.002426
0.999938,0.002434
0.999751,0.002458
0.999439,0.002498
0.999003,0.002554
0.998443,0.002626
0.997759,0.002714
0.996950,0.002818
0.996018,0.002938
0.994962,0.003075
0.993782,0.003227
0.992480,0.003395
0.991055,0.003578
0.989507,0.003778
0.987838,0.003991
0.986046,0.004219
0.984134,0.004464
0.982101,0.004730
0.979948,0.005018
0.977675,0.005328
0.975284,0.005658
0.972774,0.006008
0.970146,0.006377
0.967400,0.006764
0.964539,0.007169
0.961561,0.007587
0.958469,0.008016
0.955262,0.008454
0.951942,0.008899
0.948509,0.009349
0.944964,0.009821
0.941309,0.010322
0.937544,0.010846
0.933669,0.011390
0.929686,0.011961
0.925597,0.012551
0.921401,0.013144
0.917100,0.013732
0.912695,0.014320
0.908188,0.014916
0.903579,0.015537
0.898869,0.016201
0.894059,0.016874
0.889152,0.017541
0.884147,0.018241
0.879047,0.018971
0.873852,0.019649
0.868565,0.020256
0.863185,0.020884
0.857715,0.021579
0.852155,0.022334
0.846508,0.023143
0.840775,0.023997
0.834956,0.024885
0.829054,0.025799
0.823070,0.026721
0.817006,0.027577
0.810862,0.028354
0.804642,0.029157
0.798345,0.030035
0.791974,0.030958
0.785530,0.031882
0.779014,0.032764
0.772430,0.033648
0.765777,0.034586
0.759059,0.035564
0.752275,0.036521
0.745429,0.037453
0.738522,0.038412
0.731555,0.039454
0.724530,0.040458
0.717450,0.041472
0.710315,0.042498
0.703128,0.043524
0.695890,0.044556
0.688604,0.045617
0.681270,0.046763
0.673891,0.047877
0.666469,0.048942
0.659006,0.050013
0.651503,0.051149
0.643962,0.052366
0.636385,0.053617
0.628774,0.054826
0.621131,0.056104
0.613458,0.057414
0.605757,0.058691
0.598029,0.059972
0.590277,0.061278
0.582502,0.062616
0.574707,0.063939
0.566893,0.065223
0.559063,0.066489
0.551217,0.067841
0.543359,0.069149
0.535491,0.070433
0.527613,0.071796
0.519728,0.073107
0.511839,0.074338
0.503947,0.075614
0.496053,0.076931
0.488161,0.078176
0.480272,0.079440
0.472387,0.080691
0.464509,0.081846
0.456641,0.082999
0.448783,0.084185
0.440937,0.085408
0.433107,0.086605
0.425293,0.087670
0.417498,0.088631
0.409723,0.089576
0.401971,0.090551
0.394243,0.091491
0.386542,0.092425
0.378869,0.093401
0.371226,0.094356
0.363615,0.095196
0.356038,0.095908
0.348497,0.096533
0.340994,0.097185
0.333531,0.097902
0.326109,0.098628
0.318730,0.099108
0.311396,0.099391
0.304110,0.099660
0.296872,0.099918
0.289685,0.100149
0.282550,0.100399
0.275470,0.100660
0.268445,0.100844
0.261478,0.100940
0.254571,0.100951
0.247725,0.100896
0.240941,0.100840
0.234223,0.100773
0.227570,0.100642
0.220986,0.100384
0.214470,0.100056
0.208026,0.099685
0.201655,0.099210
0.195358,0.098683
0.189138,0.098183
0.182994,0.097721
0.176930,0.097239
0.170946,0.096649
0.165044,0.095871
0.159225,0.094940
0.153492,0.093993
0.147845,0.093044
0.142285,0.091990
0.136815,0.090814
0.131435,0.089568
0.126148,0.088302
0.120953,0.086998
0.115853,0.085628
0.110848,0.084215
0.105941,0.082713
0.101131,0.081134
0.096421,0.079535
0.091812,0.077921
0.087305,0.076280
0.082900,0.074577
0.078599,0.072808
0.074403,0.071021
0.070314,0.069231
0.066331,0.067454
0.062456,0.065678
0.058691,0.063888
0.055036,0.062066
0.051491,0.060207
0.048058,0.058317
0.044738,0.056411
0.041531,0.054501
0.038439,0.052591
0.035461,0.050664
0.032600,0.048702
0.029854,0.046703
0.027226,0.044678
0.024716,0.042629
0.022325,0.040550
0.020052,0.038427
0.017899,0.036238
0.015866,0.033961
0.013954,0.031584
0.012162,0.029114
0.010493,0.026568
0.008945,0.023976
0.007520,0.021378
0.006218,0.018824
0.005038,0.016365
0.003982,0.014055
0.003050,0.011941
0.002241,0.010062
0.001557,0.008448
0.000997,0.007116
0.000561,0.006076
0.000249,0.005332
0.000062,0.004886
0.000000,0.004737
0.000000,-0.002813
0.000062,-0.002936
0.000249,-0.003307
0.000561,-0.003924
0.000997,-0.004787
0.001557,-0.005894
0.002241,-0.007238
0.003050,-0.008808
0.003982,-0.010580
0.005038,-0.012523
0.006218,-0.014594
0.007520,-0.016742
0.008945,-0.018920
0.010493,-0.021079
0.012162,-0.023178
0.013954,-0.025193
0.015866,-0.027109
0.017899,-0.028931
0.020052,-0.030679
0.022325,-0.032373
0.024716,-0.034022
0.027226,-0.035628
0.029854,-0.037188
0.032600,-0.038698
0.035461,-0.040161
0.038439,-0.041597
0.041531,-0.043011
0.044738,-0.044371
0.048058,-0.045656
0.051491,-0.046905
0.055036,-0.048183
0.058691,-0.049422
0.062456,-0.050587
0.066331,-0.051778
0.070314,-0.053069
0.074403,-0.054450
0.078599,-0.055858
0.082900,-0.057188
0.087305,-0.058382
0.091812,-0.059476
0.096421,-0.060536
0.101131,-0.061596
0.105941,-0.062642
0.110848,-0.063632
0.115853,-0.064524
0.120953,-0.065316
0.126148,-0.066035
0.131435,-0.066746
0.136815,-0.067506
0.142285,-0.068235
0.147845,-0.068872
0.153492,-0.069413
0.159225,-0.069885
0.165044,-0.070362
0.170946,-0.070866
0.176930,-0.071319
0.182994,-0.071697
0.189138,-0.072119
0.195358,-0.072618
0.201655,-0.073073
0.208026,-0.073380
0.214470,-0.073583
0.220986,-0.073739
0.227570,-0.073921
0.234223,-0.073945
0.240941,-0.073804
0.247725,-0.073728
0.254571,-0.073684
0.261478,-0.073545
0.268445,-0.073302
0.275470,-0.073018
0.282550,-0.072788
0.289685,-0.072617
0.296872,-0.072374
0.304110,-0.072074
0.311396,-0.071672
0.318730,-0.071295
0.326109,-0.070903
0.333531,-0.070427
0.340994,-0.069898
0.348497,-0.069349
0.356038,-0.068777
0.363615,-0.068144
0.371226,-0.067514
0.378869,-0.066810
0.386542,-0.066080
0.394243,-0.065482
0.401971,-0.064864
0.409723,-0.064116
0.417498,-0.063423
0.425293,-0.062731
0.433107,-0.061997
0.440937,-0.061216
0.448783,-0.060437
0.456641,-0.059668
0.464509,-0.058949
0.472387,-0.058090
0.480272,-0.057110
0.488161,-0.056277
0.496053,-0.055460
0.503947,-0.054608
0.511839,-0.053730
0.519728,-0.052895
0.527613,-0.052158
0.535491,-0.051408
0.543359,-0.050489
0.551217,-0.049519
0.559063,-0.048587
0.566893,-0.047686
0.574707,-0.046795
0.582502,-0.045878
0.590277,-0.045032
0.598029,-0.044224
0.605757,-0.043407
0.613458,-0.042521
0.621131,-0.041577
0.628774,-0.040671
0.636385,-0.039830
0.643962,-0.039028
0.651503,-0.038232
0.659006,-0.037341
0.666469,-0.036539
0.673891,-0.035874
0.681270,-0.035130
0.688604,-0.034245
0.695890,-0.033331
0.703128,-0.032480
0.710315,-0.031627
0.717450,-0.030757
0.724530,-0.029946
0.731555,-0.029249
0.738522,-0.028659
0.745429,-0.028024
0.752275,-0.027212
0.759059,-0.026293
0.765777,-0.025477
0.772430,-0.024803
0.779014,-0.024136
0.785530,-0.023550
0.791974,-0.023113
0.798345,-0.022990
0.804642,-0.023206
0.810862,-0.023337
0.817006,-0.023133
0.823070,-0.022583
0.829054,-0.021811
0.834956,-0.020949
0.840775,-0.020101
0.846508,-0.019307
0.852155,-0.018584
0.857715,-0.017950
0.863185,-0.017418
0.868565,-0.016986
0.873852,-0.016616
0.879047,-0.016245
0.884147,-0.015805
0.889152,-0.015290
0.894059,-0.014719
0.898869,-0.014129
0.903579,-0.013527
0.908188,-0.012916
0.912695,-0.012357
0.917100,-0.011889
0.921401,-0.011526
0.925597,-0.011236
0.929686,-0.010958
0.933669,-0.010658
0.937544,-0.010328
0.941309,-0.009980
0.944964,-0.009614
0.948509,-0.009229
0.951942,-0.008837
0.955262,-0.008467
0.958469,-0.008139
0.961561,-0.007864
0.964539,-0.007632
0.967400,-0.007427
0.970146,-0.007231
0.972774,-0.007031
0.975284,-0.006827
0.977675,-0.006626
0.979948,-0.006437
0.982101,-0.006267
0.984134,-0.006122
0.986046,-0.006005
0.987838,-0.005916
0.989507,-0.005852
0.991055,-0.005808
0.992480,-0.005779
0.993782,-0.005757
0.994962,-0.005738
0.996018,-0.005719
0.996950,-0.005700
0.997759,-0.005681
0.998443,-0.005663
0.999003,-0.005646
0.999439,-0.005632
0.999751,-0.005621
0.999938,-0.005614
1.000000,-0.005611
